
20150602	1131983104
20150603	1156223170
20150604	1146291672
20150605	1177362862
20150606	1196117560
20150607	1224169369
20150608	1137074615
20150609	1138971263
20150610	1129606670
20150611	1188497061
20150612	1155814424
20150613	1089113943
20150614	1229088899
20150615	1070027619
20150616	1070641111
20150617	1084206127
20150618	1082738599
20150619	1051282429
20150620	1021247256
20150621	1135574810
20150622	1099856191
20150623	1078655761
20150624	1057937117
20150625	1109750632
20150626	1141956369
20150627	1181878689
20150628	1196971955
20150629	1141336951
20150630	1157657056
20150701	1146379999
20150702	1152481288
20150703	1167796543
20150704	1194213759
20150705	1138735684
20150706	1121565272
20150707	1103705490
20150708	1130121882
20150709	1143560940
20150710	1105048259
20150711	1235239644
20150712	1212733932
20150713	1102591083
20150714	1135290965
20150715	1130453684
20150716	1187795632
20150717	1207961801
20150718	1165438002
20150719	1196706364
20150720	1200512214
20150721	1128715068
20150722	1139528663
20150723	1110857599
20150724	1211608726
20150725	1157538185
20150726	1234444834
20150727	1118107835
20150728	1069105159
20150729	1113748639
20150730	1067515674
20150731	1190127455
20150801	1172825442
20150802	1230270697
20150803	1140821661
20150804	1126310916
20150805	1138540131
20150806	1164900416
20150807	1202683019
20150808	1188153801
20150809	1128458205
20150810	1107942772
20150811	1155084237
20150812	1165646653
20150813	1142682447
20150814	1231977969
20150815	1171761104
20150816	1216797877
20150817	1108536181
20150818	1155343011
20150819	1153274851
20150820	1134270911
20150821	1156693289
20150822	1230293863
20150823	1189736309
20150824	1064963309
20150825	1151803648
20150826	1184939961
20150827	1183329501
20150828	1266692739
20150829	1258057340
20150830	1246917955
20150831	1170486234
20150901	1202143505
20150902	1339502300
20150903	1179065434
20150904	1259831542
20150905	1383621608
20150906	1349569072
20150907	1294441885
20150908	1093723069
20150909	1176082620
20150910	1323443690
20150911	1340042687
20150912	1268167493
20150913	1363224033
20150914	1175002201
20150915	1105867638
20150916	1300532634
20150917	1266567399
20150918	1316971440
20150919	1306643030
20150920	1344204525
20150921	1263526316
20150922	1244553346
20150923	1271111438
20150924	1326255845
20150925	1335857017
20150926	1463618338
20150927	1428009531
20150928	1215646009
20150929	1292052488
20150930	1325918150
20151001	1356466556
20151002	1373321975
20151003	1406466542
20151004	1381958134
20151005	1310763430
20151006	1294582401
20151007	1339029162
20151008	1352665019
20151009	1284495078
20151010	1553913302
20151011	1397884864
20151012	1319811098
20151013	1359511035
20151014	1335434440
20151015	1286169889
20151016	1313603869
20151017	1516132974
20151018	1448717727
20151019	1336079015
20151020	1436349101
20151021	1347637023
20151022	1273163298
20151023	1296660797
20151024	1530262592
20151025	1457394493
20151026	1337229442
20151027	1368969650
20151028	1380077685
20151029	1436041916
20151030	1533934122
20151031	1675349679
20151101	1577781550
20151102	1308974965
20151103	1389840414
20151104	1437273965
20151105	1402958375
20151106	1506800037
20151107	1600397837
20151108	1520461113
20151109	1409753087
20151110	1421790206
20151111	1453880418
20151112	1441421552
20151113	1452497971
20151114	1574714903
20151115	1563153211
20151116	1418614487
20151117	1531589809
20151118	1424691738
20151119	1565590614
20151120	1632566958
20151121	1519196984
20151122	1465401912
20151123	1408424722
20151124	1368423638
20151125	1503760101
20151126	1512888500
20151127	1485852161
20151128	1643813216
20151129	1568373301
20151130	1451718456
20151201	1533372329
20151202	1509050427
20151203	1524533095
20151204	1564057491
20151205	1663012956
20151206	1634434444
20151207	1492858949
20151208	1465372920
20151209	1511890757
20151210	1548269157
20151211	1593168335
20151212	1650245113
20151213	1603915587
20151214	1474413407
20151215	1489833392
20151216	1483050048
20151217	1481230238
20151218	1488740422
20151219	1529598176
20151220	1476342052
20151221	1396653699
20151222	1381317398
20151223	1539441009
20151224	2017223800
20151225	1750471731
20151226	1544896184
20151227	1504875409
20151228	1424312404
20151229	1378349620
20151230	1449430508
20151231	1879067161
20160101	1683509418
20160102	1354499748
20160103	1323842757
20160104	1378568724
20160105	1448819987
20160106	1437398045
20160107	1489976479
20160108	1519855925
20160109	1609515953
20160110	1602471693
20160111	1468415199
20160112	1452188604
20160113	1501059359
20160114	1489397866
20160115	1539836868
20160116	1649649567
20160117	1612316650
20160118	1496997944
20160119	1506552282
20160120	1668270247
20160121	1485568531
20160122	1553661645
20160123	1648297900
20160124	1637609185
20160125	1425553877
20160126	1439729095
20160127	1468456188
20160128	1479714117
20160129	1800848517
20160130	1574770762
20160131	1498555220
20160201	1363223825
20160202	1330304848
20160203	1350960603
20160204	1391066371
20160205	1492127937
20160206	1505860609
20160207	2134860909
20160208	1631840060
20160209	1469468457
20160210	1464330008
20160211	1415146884
20160212	1426983988
20160213	1371692978
20160214	1503948773
20160215	1422910073
20160216	1350609995
20160217	1344847174
20160218	1321423651
20160219	1404874232
20160220	1506236473
20160221	1542115399
20160222	1491535182
20160223	1419614820
20160224	1473825805
20160225	1489135719
20160226	1530708009
20160227	1655327662
20160228	1609934885
20160301	1489455591
20160302	1517607524
20160303	1531339283
20160304	1576255632
20160305	1700945649
20160306	1676090138
20160307	1570922112
20160308	1699414489
20160309	1561012389
20160310	1531490210
20160311	1577638132
20160312	1748652361
20160313	1670378489
20160314	1491366964
20160315	1574198772
20160316	1591889988
20160317	1514274043
20160318	1591240503
20160319	1737474834
20160320	1686370216
20160321	1500597947
20160322	1527743088
20160323	1552305533
20160324	1547420917
20160325	1626689681
20160326	1789838652
20160327	1652624182
20160328	1498346829
20160329	1533165809
20160330	1539115316
20160331	1586443614
20160401	1722873678
20160402	1736608277
20160403	1703328466
20160404	1535348003
20160405	1567511682
20160406	1614279494
20160407	1616154866
20160408	1682813937
20160409	1778479033
20160410	1751729366
20160411	1610834098
20160412	1609309061
20160413	1693322088
20160414	1685891646
20160415	1857712401
20160416	1792573444
20160417	1707065826
20160418	1588547341
20160419	1674494591
20160420	1727152636
20160421	1813360071
20160422	1784438364
20160423	1864266117
20160424	1810733682
20160425	1682158045
20160426	1698890790
20160427	1737311544
20160428	1748627063
20160429	1910559957
20160430	1846732075
20160501	1732966371
20160502	1559842243
20160503	1567201189
20160504	1730070558
20160505	1768632931
20160506	1798382163
20160507	1900907270
20160508	1891740933
20160509	1756832083
20160510	1809228560
20160511	1832263915
20160512	1805014049
20160513	1924415588
20160514	2031762506
20160515	1976224866
20160516	1727474305
20160517	1779159328
20160518	1777163456
20160519	1788210430
20160520	1859896948
20160521	1874741537
20160522	1827555670
20160523	1728366530
20160524	1694245112
20160525	1750751018
20160526	1678433129
20160527	1621464379
20160528	1920834065
20160529	1802404187
20160530	1626940887
20160531	1698309323
20160601	1787514150
20160602	1791634906
20160603	1761142929
20160604	1796293666
20160605	1879624283
20160606	1674860983
20160607	1669237474
20160608	1734881813
20160609	1749320932
20160610	1845307662
20160611	1828044545
20160612	1800834504
20160613	1663160245
20160614	1760163066
20160615	1718234527
20160616	1670819484
20160617	1827453748
20160618	1859449078
20160619	1871017951
20160620	1584947508
20160621	1760037404
20160622	1600059923
20160623	1764372017
20160624	1798779432
20160625	1874483757
20160626	1777140866
20160627	1633272472
20160628	1727801191
20160629	1709727064
20160630	1814266060
20160701	1877419938
20160702	1944254862
20160703	1974341141
20160704	1816698208
20160705	1775908816
20160706	1818236868
20160707	1828477351
20160708	1872009960
20160709	1934020997
20160710	2002717067
20160711	1811159207
20160712	1806355399
20160713	1805298932
20160714	1729707113
20160715	1854696289
20160716	1985872101
20160717	1993501156
20160718	1789624620
20160719	1757393441
20160720	1859123970
20160721	1764802603
20160722	1859705988
20160723	1889580357
20160724	1913257659
20160725	1737503220
20160726	1679946638
20160727	1658771096
20160728	1789444312
20160729	1810723690
20160730	1939927693
20160731	1989933639
20160801	1742247028
20160802	1604679034
20160803	1901602140
20160804	1763173176
20160805	1847967460
20160806	1889499116
20160807	1932724040
20160808	1791815060
20160809	1860345860
20160810	1713434689
20160811	1934409443
20160812	2003134274
20160813	2066032687
20160814	2017988796
20160815	1901468862
20160816	1912060085
20160817	1999376404
20160818	1906794619
20160819	1956011104
20160820	2015096403
20160821	2023556686
20160822	1780926666
20160823	1884502121
20160824	1873954672
20160825	1819143781
20160826	1884073569
20160827	2209134437
20160828	2021445640
20160829	1835880538
20160830	1869498342
20160831	1999783420
20160901	2305596904
20160902	2261421695
20160903	2070833627
20160904	1987819971
20160905	2119637728
20160906	2051694166
20160907	1996368110
20160908	2123927796
20160909	2140077830
20160910	2208290680
20160911	2069237991
20160912	1935696491
20160913	2067396630
20160914	2074120383
20160915	2176586383
20160916	2041434212
20160917	2228949685
20160918	2173980645
20160919	2014563066
20160920	2011031553
20160921	2041932639
20160922	2015271460
20160923	2112129515
20160924	2332920730
20160925	2241618964
20160926	1847164989
20160927	1983283650
20160928	2064343131
20160929	2135549764
20160930	2215688457
20161001	2415469615
20161002	2226049835
20161003	1992086939
20161004	2121187969
20161005	2041887113
20161006	2038622789
20161007	2117051793
20161008	2396515387
20161009	2236636513
20161010	2087132030
20161011	1998558139
20161012	2105958901
20161013	2089286033
20161014	2275134823
20161015	2287336889
20161016	2097838074
20161017	1956185417
20161018	2223489827
20161019	2176277948
20161020	2285856354
20161021	2184714801
20161022	2341535666
20161023	2136811289
20161024	2117288490
20161025	2072209957
20161026	2175423394
20161027	2222895443
20161028	2248085483
20161029	2322747600
20161030	2326194419
20161031	2218802578
20161101	2133928717
20161102	2153162159
20161103	2187264266
20161104	2145234258
20161105	2251855135
20161106	2358748898
20161107	2183955471
20161108	2161373088
20161109	2202205716
20161110	2277235574
20161111	2364069569
20161112	2533291288
20161113	2463521585
20161114	2278172736
20161115	2235243570
20161116	2209518642
20161117	2267006972
20161118	2473788525
20161119	2551265401
20161120	2255416647
20161121	2177588729
20161122	2219819163
20161123	2224668873
20161124	2228576200
20161125	2394599156
20161126	2542272894
20161127	2539536050
20161128	2194720029
20161129	2270475635
20161130	2177642891
20161201	2241259918
20161202	2265673463
20161203	2526223133
20161204	2438615866
20161205	2216249547
20161206	2184689083
20161207	2207784352
20161208	2272912157
20161209	2260605686
20161210	2605316395
20161211	2397158083
20161212	2147318352
20161213	2246447749
20161214	2301946969
20161215	2295176986
20161216	2375620315
20161217	2491277291
20161218	2414391737
20161219	2241826100
20161220	2282030425
20161221	2261951287
20161222	2474237726
20161223	2787404917
20161224	3405979729
20161225	2781825174
20161226	2413161299
20161227	2295044427
20161228	2226319758
20161229	2284636790
20161230	2399459292
20161231	2798396541
20170101	2681549125
20170102	2253140765
20170103	2283412188
20170104	2304469653
20170105	2334628972
20170106	2444189487
20170107	2620138826
20170108	2525789284
20170109	2346868043
20170110	2346435662
20170111	2354791647
20170112	2460175250
20170113	2497508003
20170114	2658411003
20170115	2498504803
20170116	2301957931
20170117	2402685590
20170118	2527516664
20170119	2435082532
20170120	2524530653
20170121	2484087197
20170122	2325012698
20170123	2265122750
20170124	2313458675
20170125	2268240304
20170126	2357197275
20170127	3305882931
20170128	2659797678
20170129	4954565742
20170130	4970639159
20170131	2454553415
20170201	2452031360
20170202	2101881111
20170203	2337507544
20170204	2273903503
20170205	2235866654
20170206	2260389727
20170207	2183543551
20170208	2213091370
20170209	2285604780
20170210	2407934578
20170211	2887755097
20170212	2501936276
20170213	2441353611
20170214	2722175618
20170215	2401599883
20170216	2350826059
20170217	2446321987
20170218	2680377237
20170219	2483324024
20170220	2282392467
20170221	2325160511
20170222	2353265154
20170223	2360300375
20170224	2446026817
20170225	2725765132
20170226	2567938178
20170227	4659271750
20170228	4689670436
20170301	2428193775
20170302	2422085483
20170303	2490710635
20170304	2761529308
20170305	2560550232
20170306	2357861377
20170307	2428752251
20170308	2650949845
20170309	2485312861
20170310	2529137113
20170311	2785963980
20170312	2648926120
20170313	2433467182
20170314	2450576218
20170315	2464822379
20170316	2448065114
20170317	2558557195
20170318	2765169192
20170319	2626552316
20170320	2421002200
20170321	2414788442
20170322	2411442767
20170323	2408784643
20170324	2548523273
20170325	2789530262
20170326	2661112349
20170327	2426916998
20170328	2445881056
20170329	2473606322
20170330	4837058738
20170331	5207434844
20170401	2600631906
20170402	2691573572
20170403	2392576050
20170404	2522449978
20170405	2627337290
20170406	2613342938
20170407	2559797135
20170408	2752502533
20170409	2703440092
20170410	2572541529
20170411	2644240474
20170412	2670897033
20170413	2687459627
20170414	2804389841
20170415	2990920411
20170416	2839128343
20170417	2578227934
20170418	2560300059
20170419	2643248057
20170420	2699386573
20170421	2759667049
20170422	2990394379
20170423	2758635239
20170424	2563131769
20170425	2591304030
20170426	2690231022
20170427	2657268372
20170428	2873253260
20170429	5806080506
20170430	5764227980
20170501	2680374863
20170502	2499480483
20170503	2632586875
20170504	2646751320
20170505	2652876288
20170506	2840917232
20170507	2596983082
20170508	2491730967
20170509	2658364692
20170510	2760910904
20170511	2762060986
20170512	2890891512
20170513	2964750063
20170514	2829783758
20170515	2533547514
20170516	2547291961
20170517	2645624825
20170518	5418588722
20170519	5220338957
20170520	2790346755
20170521	2841347271
20170522	2684250830
20170523	2522760109
20170524	2665140196
20170525	2778063100
20170526	2723404661
20170527	2893381366
20170528	2757941509
20170529	2562396765
20170530	7623600517
20170531	15967885469
20170601	17107460798
20170602	19517626396
20170603	14242072133
20170604	5613070515
20170605	5071537768
20170606	10366779626
20170607	13883391201
20170608	6056811098
20170609	5581126323
20170610	5399610784
20170611	2888060602
20170612	2762960589
20170613	5394347962
20170614	10513787967
20170615	8452003424
20170616	2933669799
20170617	2939389570
20170618	2842356576
20170619	5532182668
20170620	23897471744
20170621	27742793269
20170622	26226649361
20170623	29352658020
20170624	26672191261
20170625	19863841458
20170626	19147732484
20170627	17835050288
20170628	12027175285
20170629	30906160021
20170630	35278091062
20170701	42750159134
20170702	38708850456
20170703	29432947199
20170704	17384650080
20170705	2682864529
20170706	2766138831
20170707	2839815746
20170708	3006224602
20170709	2874745119
20170710	2755448729
20170711	10262221400
20170712	9525397368
20170713	12024912917
20170714	12939625717
20170715	15639765113
20170716	16374452428
20170717	18780928203
20170718	10336697131
20170719	6353879104
20170720	6437328404
20170721	9954853296
20170722	13231396672
20170723	27185703142
20170724	23665118828
20170725	16716892317
20170726	18615403111
20170727	15839434679
20170728	12478156773
20170729	10052803289
20170730	20433576430
20170731	14991695432
20170801	11932639245
20170802	18051067631
20170803	17987320899
20170804	23388270864
20170805	17082499960
20170806	7278136139
20170807	12322727276
20170808	27270611750
20170809	23882485294
20170810	13374211886
20170811	13511561710
20170812	19335617817
20170813	12314827440
20170814	6620883120
20170815	7270582897
20170816	6946663848
20170817	6740297969
20170818	12152906190
20170819	11362666934
20170820	7220804504
20170821	12814472764
20170822	16539020711
20170823	10109067124
20170824	9483443913
20170825	11863523753
20170826	15937146566
20170827	20248687550
20170828	9884056230
20170829	14307569842
20170830	12413658850
20170831	7297300061
20170901	13645549989
20170902	9941401996
20170903	7463373315
20170904	7615314373
20170905	7582090781
20170906	13190019961
20170907	18715128337
20170908	14394906838
20170909	18086338425
20170910	15745653660
20170911	15666983253
20170912	15115291015
20170913	10591935402
20170914	7117612886
20170915	13912125051
20170916	14250763304
20170917	8002054904
20170918	7028034461
20170919	12480556982
20170920	21977533720
20170921	14159216031
20170922	13186447812
20170923	14351457787
20170924	10536066411
20170925	9914871137
20170926	10062256469
20170927	12777868205
20170928	13025204882
20170929	14115172483
20170930	17974548033
20171001	13977412919
20171002	12764189545
20171003	24233109031
20171004	19709935282
20171005	13331780637
20171006	24226417392
20171007	24439909249
20171008	18658204594
20171009	13945163918
20171010	25999632545
20171011	23029705671
20171012	13189175203
20171013	16421942743
20171014	18798154874
20171015	19811917003
20171016	14008894756
20171017	9077592148
20171018	3706086323
20171019	6789431030
20171020	16874653398
20171021	26456476610
20171022	19606145524
20171023	12930411695
20171024	12635948895
20171025	9951390872
20171026	12964795017
20171027	10532085749
20171028	7786404849
20171029	7518441617
20171030	9955044682
20171031	22832118108
20171101	16483326509
20171102	7103322827
20171103	12453730016
20171104	17050514588
20171105	13840180886
20171106	19246788680
20171107	6134199728
20171108	6630723590
20171109	10093042207
20171110	13602355848
20171111	8826918778
20171112	4192769279
20171113	9567810819
20171114	16462434825
20171115	18561578985
20171116	11953365025
20171117	13806940268
20171118	17802522910
20171119	9583267240
20171120	4446361562
20171121	3763245091
20171122	13101181739
20171123	13884142825
20171124	13126832885
20171125	18110979085
20171126	17477587885
20171127	25178410953
20171128	26356825835
20171129	28505604537
20171130	35944535679
20171201	37364611495
20171202	32981796097
20171203	31350129126
20171204	32503887197
20171205	18015473593
20171206	12944446607
20171207	5345675563
20171208	4135785252
20171209	8075784811
20171210	24578330822
20171211	23784676076
20171212	12396613992
20171213	10747163323
20171214	6466838669
20171215	4108030892
20171216	7785686593
20171217	1807680786
