month	total_amount
20130703	18447121
20130704	22632342
20130705	22920013
20130706	29196000
20130707	26509796
20130708	17861472
20130709	24412381
20130710	22897004
20130711	21865368
20130712	22523549
20130713	27661653
20130714	30845125
20130715	25616381
20130716	24920207
20130717	22155065
20130718	20250995
20130719	20231861
20130720	25923956
20130721	34032671
20130722	19509506
20130723	18851645
20130724	20885874
20130725	19062030
20130726	23473476
20130727	25317104
20130728	37716273
20130729	21253264
20130730	170439753
20130731	124838015
20130801	146229918
20130802	129015671
20130803	149629519
20130804	187645773
20130805	121595119
20130806	108831129
20130807	159277283
20130808	137235047
20130809	127284882
20130810	159942477
20130811	188912629
20130812	129944904
20130813	135538030
20130814	145817808
20130815	129314185
20130816	133807153
20130817	176600787
20130818	197430268
20130819	128688649
20130820	137300649
20130821	141096354
20130822	139597303
20130823	124222865
20130824	180619895
20130825	217454034
20130826	136554778
20130827	135356302
20130828	152742395
20130829	142110664
20130830	134402969
20130831	182916179
20130901	201719926
20130902	210797680
20130903	133111426
20130904	151093530
20130905	140969615
20130906	135565970
20130907	195198513
20130908	213452549
20130909	141795658
20130910	139298998
20130911	141198074
20130912	155078364
20130913	155749682
20130914	203992424
20130915	236676468
20130916	145053922
20130917	154860022
20130918	162349615
20130919	168012324
20130920	161472786
20130921	203714909
20130922	234483678
20130923	159210338
20130924	161359701
20130925	155240923
20130926	180120840
20130927	183832516
20130928	225144085
20130929	237373046
20130930	177582478
20131001	165285312
20131002	170628524
20131003	176905797
20131004	188808749
20131005	220307855
20131006	239152864
20131007	180041615
20131008	165964693
20131009	184901701
20131010	180982959
20131011	171242052
20131012	247041897
20131013	242903409
20131014	183764723
20131015	166814728
20131016	167337491
20131017	173831156
20131018	181222303
20131019	230198353
20131020	253726355
20131021	184939589
20131022	178080400
20131023	177298266
20131024	192902102
20131025	198513526
20131026	256862593
20131027	276404251
20131028	195497966
20131029	202151069
20131030	197789182
20131031	206345325
20131101	197931637
20131102	256955213
20131103	278711447
20131104	197090865
20131105	203345836
20131106	226083334
20131107	228272105
20131108	221275298
20131109	296775261
20131110	302236395
20131111	210979510
20131112	214441716
20131113	241945945
20131114	222464248
20131115	230934744
20131116	280629272
20131117	290895015
20131118	226071711
20131119	242827848
20131120	237967777
20131121	263470712
20131122	240483797
20131123	310600256
20131124	296368270
20131125	234987997
20131126	253914604
20131127	259933921
20131128	277155302
20131129	299571446
20131130	337065942
20131201	349166020
20131202	260503630
20131203	291112727
20131204	283355119
20131205	286792101
20131206	293610655
20131207	339796106
20131208	353210679
20131209	280778712
20131210	303550286
20131211	342433328
20131212	316819743
20131213	309128486
20131214	351889495
20131215	388082555
20131216	289556743
20131217	324725744
20131218	344013913
20131219	328846770
20131220	348941759
20131221	398760891
20131222	383826675
20131223	370809279
20131224	459451759
20131225	391314577
20131226	328180309
20131227	334885563
20131228	369117907
20131229	403878961
20131230	342427178
20131231	451621686
20140101	440453077
20140102	317240495
20140103	325117062
20140104	364951970
20140105	393936580
20140106	327344267
20140107	366370025
20140108	355085402
20140109	392664463
20140110	382179117
20140111	441657059
20140112	440287059
20140113	367201821
20140114	372467552
20140115	377396777
20140116	426652773
20140117	434934895
20140118	449744137
20140119	487555738
20140120	389096453
20140121	404352471
20140122	401378379
20140123	397389482
20140124	405533857
20140125	428102124
20140126	431742924
20140127	388128097
20140128	412326798
20140129	435520192
20140130	539396392
20140131	450257998
20140201	430048465
20140202	425230542
20140203	409872794
20140204	445208365
20140205	397643250
20140206	407482774
20140207	385664940
20140208	426677947
20140209	432063099
20140210	371665069
20140211	374571410
20140212	407206086
20140213	426774635
20140214	537246237
20140215	477102644
20140216	508088531
20140217	421078013
20140218	409547580
20140219	416153034
20140220	429426064
20140221	449026333
20140222	521545330
20140223	514744675
20140224	459241352
20140225	443073685
20140226	461333013
20140227	472028707
20140228	478025179
20140301	529970848
20140302	547450121
20140303	440194612
20140304	456222556
20140305	460711648
20140306	445057447
20140307	528613530
20140308	589810393
20140309	526484830
20140310	433537999
20140311	463279528
20140312	446341638
20140313	472746214
20140314	485017708
20140315	552552796
20140316	554357320
20140317	467669697
20140318	468064788
20140319	464566627
20140320	501218360
20140321	518481844
20140322	554360459
20140323	567041160
20140324	463695220
20140325	475631044
20140326	480990156
20140327	503519832
20140328	499253750
20140329	563908388
20140330	549836010
20140331	478416877
20140401	489726759
20140402	529899555
20140403	521676413
20140404	537288296
20140405	571323114
20140406	557241161
20140407	483946473
20140408	489827909
20140409	557464970
20140410	485755015
20140411	518218428
20140412	580108170
20140413	580758369
20140414	513422707
20140415	554157848
20140416	527482269
20140417	546261031
20140418	567087861
20140419	645935430
20140420	599474218
20140421	514557482
20140422	538135177
20140423	553455201
20140424	567411329
20140425	582885541
20140426	632850565
20140427	629385649
20140428	543864672
20140429	580452842
20140430	593578813
20140501	548447785
20140502	499308032
20140503	510046194
20140504	566372784
20140505	555279549
20140506	571597938
20140507	575999232
20140508	577367650
20140509	593600924
20140510	674627340
20140511	666394310
20140512	575173231
20140513	606990199
20140514	624989777
20140515	606846721
20140516	628713208
20140517	669077434
20140518	650520043
20140519	573858360
20140520	615098189
20140521	608626565
20140522	630461281
20140523	621345032
20140524	643063410
20140525	674864559
20140526	579150507
20140527	593810835
20140528	591651406
20140529	620429189
20140530	622006637
20140531	656529973
20140601	636024230
20140602	561830769
20140603	590307158
20140604	579574324
20140605	606447032
20140606	640041281
20140607	664664143
20140608	683421651
20140609	601699070
20140610	619857917
20140611	652750376
20140612	631386708
20140613	633722430
20140614	670679986
20140615	673919443
20140616	599037737
20140617	606213121
20140618	589461106
20140619	614923617
20140620	605484493
20140621	631988184
20140622	662805201
20140623	581571032
20140624	599047751
20140625	617766103
20140626	629037854
20140627	626543875
20140628	616582170
20140629	667155724
20140630	609972338
20140701	650051018
20140702	667364408
20140703	666788311
20140704	612736775
20140705	682242143
20140706	688000087
20140707	658154437
20140708	667111539
20140709	657231601
20140710	669375519
20140711	685458537
20140712	710850064
20140713	694388377
20140714	628631385
20140715	667643463
20140716	653514336
20140717	654194067
20140718	674871361
20140719	699745540
20140720	730935757
20140721	592724953
20140722	654696641
20140723	647255778
20140724	656345215
20140725	701578699
20140726	669182142
20140727	737687965
20140728	598879026
20140729	622456579
20140730	635015345
20140731	664463089
20140801	705243848
20140802	725559847
20140803	731129986
20140804	630672273
20140805	646318463
20140806	660722513
20140807	671720172
20140808	668335454
20140809	726894300
20140810	772551735
20140811	686849300
20140812	699250866
20140813	693062598
20140814	709084866
20140815	666087391
20140816	741692187
20140817	760289783
20140818	640276406
20140819	716571105
20140820	722414934
20140821	736365035
20140822	708655150
20140823	720256949
20140824	765187122
20140825	669092002
20140826	679854977
20140827	624255237
20140828	741427390
20140829	721817294
20140830	724268745
20140831	690304870
20140901	687530484
20140902	760520410
20140903	742711125
20140904	713481688
20140905	773502595
20140906	714743224
20140907	802384457
20140908	769641147
20140909	745762811
20140910	736907879
20140911	778648353
20140912	759181211
20140913	844148787
20140914	860519761
20140915	764262043
20140916	763074293
20140917	777565345
20140918	817333343
20140919	798307682
20140920	857503852
20140921	863228138
20140922	788159413
20140923	803827777
20140924	778338462
20140925	780951970
20140926	855360539
20140927	899007895
20140928	893053281
20140929	789918161
20140930	803127755
20141001	819827316
20141002	841701601
20141003	845956319
20141004	892893309
20141005	926511447
20141006	816511966
20141007	825002961
20141008	859029800
20141009	821982245
20141010	913073958
20141011	960543960
20141012	947672377
20141013	831823742
20141014	843675666
20141015	816311901
20141016	843497660
20141017	900723224
20141018	971056946
20141019	929313720
20141020	871497553
20141021	844110560
20141022	834201904
20141023	829192724
20141024	873097706
20141025	953329155
20141026	948342122
20141027	827011270
20141028	876353736
20141029	875462932
20141030	910334835
20141031	957517886
20141101	1015926113
20141102	963589877
20141103	840210656
20141104	870034769
20141105	903456261
20141106	933754897
20141107	959981867
20141108	1015954333
20141109	985560935
20141110	919047320
20141111	918840480
20141112	928151346
20141113	935862406
20141114	958432817
20141115	1040978768
20141116	996604485
20141117	898524224
20141118	951600193
20141119	938964607
20141120	1023177141
20141121	992827770
20141122	1027743844
20141123	964264891
20141124	897584287
20141125	920322554
20141126	953894451
20141127	946615311
20141128	979434602
20141129	1067577750
20141130	1010364895
20141201	929724128
20141202	939879601
20141203	1005998541
20141204	995661886
20141205	1052884119
20141206	1119808711
20141207	1042657881
20141208	943376250
20141209	960770972
20141210	964202860
20141211	986136990
20141212	1003150050
20141213	1000572182
20141214	1052892268
20141215	949864730
20141216	986654938
20141217	970579179
20141218	993293275
20141219	999345540
20141220	1075055975
20141221	1056091548
20141222	1007547824
20141223	1051776475
20141224	1397213970
20141225	1232508954
20141226	1016790323
20141227	1026693773
20141228	995724811
20141229	940633446
20141230	1074114005
20141231	1227846979
20150101	1131023186
20150102	853728749
20150103	871786496
20150104	901500476
20150105	962595956
20150106	965116841
20150107	951293978
20150108	963518193
20150109	1042547988
20150110	1079529382
20150111	1069064651
20150112	960354406
20150113	1010730215
20150114	1022585019
20150115	1013660008
20150116	1056549985
20150117	1113367360
20150118	1053414059
20150119	991375826
20150120	967248341
20150121	985551374
20150122	982051156
20150123	1014165287
20150124	1061047817
20150125	1068370173
20150126	966429660
20150127	956956447
20150128	971654199
20150129	976796913
20150130	1008106197
20150131	1090583482
20150201	1072826194
20150202	984891101
20150203	1015388180
20150204	1037330392
20150205	1040179329
20150206	1077877660
20150207	1100150777
20150208	1062292214
20150209	989841142
20150210	949890906
20150211	1032826553
20150212	969976917
20150213	957771460
20150214	1049056551
20150215	889990951
20150216	861890671
20150217	888577439
20150218	1248665010
20150219	1067172006
20150220	1001530914
20150221	1008374982
20150222	1008491165
20150223	1036052737
20150224	978374269
20150225	935669873
20150226	914542297
20150227	957794201
20150228	1025427806
20150301	1068541406
20150302	1036760721
20150303	1042311860
20150304	1040623992
20150305	1067956872
20150306	1084804756
20150307	1195569329
20150308	1176765083
20150309	1044251168
20150310	1073603987
20150311	1081578389
20150312	1074598661
20150313	1087061284
20150314	1151370241
20150315	1147058324
20150316	1042481318
20150317	1032331968
20150318	1046250158
20150319	1061084896
20150320	1097175784
20150321	1153620571
20150322	1079065718
20150323	1018855657
20150324	1061348233
20150325	1040221868
20150326	1102470121
20150327	1102220333
20150328	1177710399
20150329	1148302744
20150330	1055701085
20150331	1060296600
20150401	1070426881
20150402	1076302092
20150403	1126810716
20150404	1207895849
20150405	1144670175
20150406	1055792509
20150407	1098379091
20150408	1104120733
20150409	1115364776
20150410	1143382830
20150411	1231699668
20150412	1144451186
20150413	1041462251
20150414	1091440362
20150415	1125523464
20150416	1104720170
20150417	1143606170
20150418	1218097337
20150419	1182698162
20150420	1095698617
20150421	1104953487
20150422	1109932811
20150423	1097298330
20150424	1124891063
20150425	1216750869
20150426	1108027295
20150427	1075785817
20150428	942693723
20150429	961185890
20150430	1041372927
20150501	1014010002
20150502	957900869
20150503	1028993230
20150504	1091389829
20150505	1108559187
20150506	1126761175
20150507	1118505037
20150508	1178245187
20150509	1209227145
20150510	1242660436
20150511	1158321505
20150512	1135778087
20150513	1155811996
20150514	1142879892
20150515	1192063567
20150516	1354336459
20150517	1173124888
20150518	1158373069
20150519	1168326893
20150520	1149928655
20150521	1127231527
20150522	1147193262
20150523	1239328138
20150524	1213931748
20150525	1108569908
20150526	1116105360
20150527	1174846032
20150528	1100288577
20150529	1191165849
20150530	1200009802
20150531	1191642121
20150601	1179835377
